"1"	"2"	"3"	"4"	"5"	"6"	"7"	"8"	"9"	"10"	"11"	"12"	"13"	"14"	"15"	"16"	"17"	"18"	"19"	"20"	"21"	"22"	"23"	"24"	"25"	"26"	"27"	"28"	"29"	"30"	"31"	"32"	"33"	"34"	"35"	"36"	"37"	"38"	"39"	"40"	"41"	"42"	"43"	"44"	"45"	"46"	"47"	"48"	"49"	"50"	"51"	"52"	"53"	"54"	"55"	"56"	"57"	"58"	"59"	"60"	"61"	"62"	"63"	"64"	"65"	"66"	"67"	"68"	"69"	"70"	"71"	"72"	"73"	"74"	"75"	"76"	"77"	"78"	"79"	"80"	"81"	"82"	"83"	"84"	"85"	"86"	"87"	"88"	"89"	"90"	"91"	"92"	"93"	"94"	"95"	"96"	"97"	"98"	"99"	"100"
"1"	0.00322820932716269	4.38384433962264e-05	0	0	0	0	0	0	0	0	0	0	0	0	0	0	0	0	0	0	0	0	0	0	0	0	0	0	0	0	0	0	0	0	0	0	0	0	0	0	0	0	0	0	0	0	0	0	0	0	0	0	0	0	0	0	0.00458845822102426	0	0	0	0	0	0	0	0	0	0	0	0	1.81650943396226e-05	0.0005981974393531	0	0	0	0	0	0	0	0	0	0	0	0	0	0	0	0	0	0	0	0	0	0	0	0	0	0	0	0	0
"2"	0.00288364829009434	0.00243103881835938	0	0	0	0	0	0	0	0	0	0	0	0	0	0	0	0	0	0	0	0	0	0	0	0	0	0	0	0	0	0	0	0	0	0	0	0	0	0	0	0	0	0	0	0	0	0	0	0	0	0	0	0	0	0	7.45044642857143e-05	0	0	0	0	0	0	0	0	0	0	0	0	0	0	0	0	1.69838483146067e-05	0	0	0	0	0	0	0	0	0	0	0	0	0	0	0	0	0	0	0	0	0	0	0	0	0	0
"3"	0	0	0.00187906460562822	0.000107711001642036	0.000689685157421289	0	0	0	0	0	0	0	0	0	0	0	0	0	0	6.9696223316913e-05	0	0	0	0	0	0	0	0	0	0	0	0	0	0	0	0	0	0	0	0	0	0	0	0	0.000483796435115775	0	0	0	0	0	0	0	0	0	0	0	0	0	0	0	0	0	0	0.000401846743295019	1.54987022617723e-05	0	1.15686274509804e-05	4.26272577996716e-05	0	0	0	0	0	0	0	0	0	0	0	0	0	0	0	0	0	0	0	0	0	0	0	0	0	0	0	0	0.000412066711742168	8.63586206896552e-05	0	0
"4"	0	0	0	0.00380870204081633	0.000225900621118012	0	0	0	0	0	0	0	0	0	0	0	0	0	0	0.00233385714285714	0	0	0	0	0	0	0	0	0	0	0	0	0	0	0	0	0	0	0	0	0	0	0	0	0	0	0	0	0	0	0	0	0	0	0	0	0	0	0	0	0	0	0	0	0	0	0.000509865546218487	0	0	0	0	0	0	0	0	0	0	0	0	0	0	0	0	0	0	0	0	0	0	0	0	0	0	0	0	0	0.000166543417366947	0.00120018285714286	0	0
"5"	0	0	9.33133433283358e-05	0.000699453416149068	0.00200888468809074	0	0	0	0	0	0	0	0	0	0	0	0	0	0	0.000475590062111801	0	0	0	0	0	0	0	0	0	0	0	0	0	0	0	0	0	0	0	0	0	0	0	0	0	0	0	0	0	0	0	0	0	0	0	0	0	0	0	0	0	0	0	0.000876246376811594	1.00561009817672e-05	0	0.000250997442455243	0	0	0	0	0	0	0	0	0	0	0	0	0	0	0	0	0	0	0	0	0	0	0	0	0	0	0	0	0	0.00063308610400682	0.000517426086956522	0	0
"6"	0	0	0	0	0	0.00434538370720189	0	0	0	0	0	0	0	0	0	0	0	0	0	0	0	0	0	0	0	0	0	0	0	0	0	0	0.000203657653821588	0	2.07008086253369e-05	0	1.13823163138232e-05	2.54777365491651e-05	0	0	0	0.000274845598845599	0	0	0	0	0	0	0	0	0	0	0	0	0	0	0	0	0	0	0	0	0	0	0	0	0	0	0	0	0	0	0	0	0	0	0	0	0	0	0	0	0	0	0	0	0	0	0	0	0	0	0	0	0	0	0	0	0	0
"7"	0	0	0	0	0	0	0.0102707851239669	0	0	0	0	0	0	0	0	0	0	0	0	0	0	0	0	0	0	0	0	0	0	0	0	0	0	0	0	0	0	0	0	0.000239747474747475	0	0	0	0	0	0	0	0	0	0	0	0	0	0.000421748251748252	0	0	0	0	0	0	0	0	0	0	0	0	0	0	0	0	0	0	0	0	0	0	0	0	0	0	0	0	0	0	0	0	0	0	0	0	0	0	0	0	0	0	0	0	0	0
"8"	0	0	0	0	0	0.000349016697588126	0	0.00584149937526031	2.25170068027211e-05	0	0	0	0	0	0	0	0	0	0	0	0	0	0	0	0	0	0	0	0	0	0	0	0.00122042823686852	0	0	0	2.90746435560526e-05	0.00216248542274052	0.000254306645735217	0	0	0	0	1.12244897959184e-05	0	0	0	0	0	0	0	0	0	0	0	0	0	0	0	0	0	0	0	0	0	0	0	0	0.000101488226059655	0	0	0	0	0	0	0	0	0	0	0	0	0	0	0	0	0	0	0	0	0	0	0	0	0	0	0	0	0	0	0
"9"	0	0	0	0	0	0	0	0	0.00827638545953361	0	0	0	0	0	0	0	0	0	0	0	0	0	0	0	0	0	0	0	0	0.000232388620504563	0	0	0.000136757741347905	0.00311444444444444	0	0	0	0.000548029100529101	0.000318176638176638	0	0	0	0	5.33492063492064e-05	0	0	0	0	0	0	0	0	0	0	0	0	0	0	0	0	0	0	0	0	0	0	0	0	0.000274022792022792	0	0	0	0	0	0	0	0	0	0	0	0	0	0	0	0	0	0	0	0	0	0	0	0	0	0	0	0	0	0	0
"10"	0	0	0	0	0	0	0	0	0	0.00420229166666667	0	0	0	0	0	0	0	0	0	0	0	0	0	0	0	0	0	0	0	0	0	0	0	0	0	0	0	0	0	0	0	0	0	0	0	0	0	0	0	0	0	0	0	0	0	0.000872453051643192	0	0	0	0	0	0	0	0	0	0	0	0	0	0	0	0.000154981060606061	0	0	0	0	0	0	0	0	0	0	0	0	0	0	0	0	0	0	0	0	0.00161836206896552	0.000826285714285714	0	0	0	0	0	0
"11"	0	0	0	0	0	0	0	0	0	0	0.000313353576724808	0	0	0	1.53478991596639e-05	0	0.000400201080432173	0.00029403071573457	0	0	0	0	0	0	1.0641309155241e-05	0.000359641456582633	0	0	0	0	0	0	0	0	0	0	0	0	0	0	0	0	0	0	0	0	0	0	0	0	0	0	0	0	0	0	0	0	0	0	0	0	0	0	0	0	0	0	0	0	0	0	0	0	0	0	0	0	0	0	0	0	0	0	0	0.000656705100644909	0	7.44373847099816e-05	0.00085427807486631	0.000406958138093947	0	0	0	0	0	0	0	0	0	0
"12"	0	0	0	0	0	0	0	0	0	0	0	0.00719893333333333	0	0	0	0	0	0	0	0	0	0	0	0	0.00910968421052631	0.000575466666666667	0	0	0	0	0	0	0	0	0	0	0	0	0	0	0	0	0	0	0	0	0	0	0	0	0.000843717948717949	0	0	0	0	0	0	0	0	0	0	0	0	0	0	0	0	0	0	0	0	0	0	0	0	0	0	0	0	0	0	0	0	0.00105362162162162	0	0	1.97124183006536e-05	0	0	0	0	0	0	0	0	0	0	0	0	0
"13"	0	0	0	0	0	0	0	0	0	0	0	0	0.00527690672153635	0.000377100078802206	0.000840592592592593	0	3.46825396825397e-05	0	0.00145093333333333	0	0	0	0	0	0	0	0.000241581581581582	0	0	0	0	0	0	0	0	0	0	0	0	0	0	0	0	0	0	0	0	0	0	0	0	0	0	0	0	0	0	0	0	0	0	0	0	0	0	0	0	0	0	0	0	0	0	0	0	0	0	0	0	0	0	0	0	0	0	0	0	0	0	0	0	0	0	0	0	0	0	0	0	0
"14"	0	0	0	0	0	0	0	0	0	0	0	0	0.00303126083530339	0.00235913988229968	2.69957446808511e-05	2.31148936170213e-05	0	0	0.000407931914893617	0	0	0	0	0	0	0	0.00142572742955722	9.1886524822695e-05	0	0	0	0	0	0	0	0	0	0	0	0	0	0	0	0	0	0	0	0	0	0	0	0	5.79910935180604e-05	0	0	0	0	0	0	0	0	0	0	0	0	0	0	0	0	0	0	0	0	0	0	0	0	0	0	0	0	0	0	0	0	0	0	0	0	0	0	0	0	0	0	0	0	0	0	0
"15"	0	0	0	0	0	0	0	0	0	0	0	0	0.000618340740740741	0	0.003024088	0	0.00114095714285714	0	0.000157072	0	0	0	0	0	0	0	0	0	0	0	0	0	0	0	0	0	0	0	0	0	0	0	0	0	0	0	0	0	0	0	0	0	0	0	0	0	0	0	0	0	0	0	0	0	0	0	0	0	0	0	0	0	0	0	0	0	0	0	0	0	0	0	0	0	0	0	0	0	0	0	0	0	0	0	0	0	0	0	0	0
"16"	0	0	0	0	0	0	0	0	0	0	0	0	0.00221887407407407	0.00561176170212766	0	0.00321504	0	0.000104579310344828	0.000359968	0	0	0	0	0	0	0	0.00032172972972973	1.12592592592593e-05	0	0	0	0	0	0	0	0	0	0	0	0	0	0	0	0	0	0	0	0	0	0	0	0	1.68e-05	0	0	0	0	0	0	0	0	0	0	0	0	0	0	0	0	0	0	0	0	0	0	0	0	0	0	0	0	0	0	0	0	0	0	0	0	0	0	0	0	0	0	0	0	0	0	0
"17"	0	0	0	0	0	0	0	0	0	0	0	0	0.000194464285714286	0.000305919452887538	0.00260235	0.00133394285714286	0.00168367984693878	0.00130546798029557	2.62428571428571e-05	0	0	0	0	0	0	0	0	0	0	0	0	0	0	0	0	0	0	0	0	0	0	0	0	0	0	0	0	0	0	0	0	0	0	0	0	0	0	0	0	0	0	0	0	0	0	1.76785714285714e-05	0	0	0	0	0	0	0	0	0	0	0	0	0	0	0	0	0	0	0	0	0	2.8493031358885e-05	0	0	0	0	0	0	0	0	0	0	0	0
"18"	0	0	0	0	0	0	0	0	0	0	0	0	0.000755977011494253	0.00316767424798239	0	0.00464137931034483	0.000307105911330049	0.00419453032104637	2.2151724137931e-05	0	0	0	0	0	0	0	6.20876048462255e-05	0	0	0	0	0	0	0	0	0	0	0	0	0	0	0	0	0	0	0	0	0	0	0	0	0	0	0	0	0	0	0	0	0	0	0	0	0	0	0	0	0	0	0	0	0	0	0	0	0	0	0	0	0	0	0	0	0	0	0	0	0	0	0	0	0	0	0	0	0	0	0	0	0
"19"	0	0	0	0	0	0	0	0	0	0	0	0	0.000634992592592593	0	0	0	0	0	0.006264672	0	0	0	0	0	0	0	0.000320691891891892	0	0	0	0	0	0	0	0	0	0	0	0	0	0	0	0	0	0	0	0	0	0	0	0	0	0	0	0	0	0	0	0	0	0	0	0	0	0	0	0	0	0	0	0	0	0	0	0	0	0	0	0	0	0	0	0	0	0	0	0	0	0	0	0	0	0	0	0	0	0	0	0	0
"20"	0	0	0	2.32244897959184e-05	0	0	0	0	0	0	0	0	0	0	0	0	0	0	0	0.000566836734693878	0	0	0	0	0	0	0	0	0	0	0	0	0	0	0	0	0	0	0	0	0	0	0	0	0	0	0	0	0	0	0	0	0	0	0	0	0	0	0	0	0	0	0	0	0	0	0.000125987394957983	0	0	0	0	0	0	0	0	0	0	0	0	0	0	0	0	0	0	0	0	0	0	0	0	0	0	0	0	0	0	0	0	0
"21"	0	0	0	0	0	0	0	0	0	0	0	0	0	0	0	0	0	0	0	0	0.00740932067202337	0	0	0	0	0	0	0	0	0	0	0.000137425561154375	0	0	0	0	0	0	0	0	0	0	0	0	0	0	0	0	0	0	0	0	0	0	0	0	0	0	0	0	0	0	0	0	0	0	0	0	0	0	0	0	0	0	0.000851360918440564	0	0	0	0	0	0	0	0	0	0	0	0	0	0	0	0	0	0	0	0	0	0	0	0	0
"22"	0	0	0	0	0	0	0	0	0	0	0	0	0	0	0	0	0	0	0	0	0	0.00201755379872409	0	0	0	0	0	0	0	0	0	0	0	0	0	0	0	0	0	0	0	0	0	0	0	0	0	0	0	0	0	0	0	0	0	0	0	0	0	0	0	0	0	0	0	0	0	0	0	0	0	0	0	0	0	0	0.00045701823619823	0.000946986825329367	0.00108310420146473	0.00117919317965327	8.89582400079638e-05	7.96538069380883e-05	0	0	0	0	0	0	0	0	0	0	0	0	0	0	0	0	0	0
"23"	0	0	0	0	0	0	0	0	0	0	0	0	0	0	0	0	0	0	0	0	0	0	0.00283972421717897	0	0	0	0	0	0	0	0	0	0	0	0	0	0	0	0	0	0	0	0	0	0	0	0	0	0	0	0	0	0	0	0	0	0	0	0	0	0	0	0	0	0	0	0	0	0	0	0	0	0	0	0.00145633418329084	0	1.00879316936409e-05	0	0	0	0	1.81508692805703e-05	6.37321369225656e-05	0	0	0	0	0	0	0	0	0	0	0	0	0	0	0	0	0
"24"	0	0	0.000213591954022989	0	0	0	0	0	0	0	0	0	0	0	0	0	0	0	0	0	0	0	0	0.005389525	0	0	0	0	0	0	0	0	0	0	0	0	0	0	0	0	0	0	0	0	3.8981884057971e-05	1.47164179104478e-05	0	0	0	0	0	0	0	0	0	0	0	0	0	0	0	0	0	1.235e-05	0.000174709677419355	4.15357142857143e-05	0	0.00129197619047619	0	0	0	0	0	0	0	0	0	0	0	0	0	0	0	0	0	0	0	0	0	0	0	0	0	0	0	0	0	0	0.00310004716981132	0.00191475
"25"	0	0	0	0	0	0	0	0	0	0	0	1.04561403508772e-05	0	0	0	0	0	0	0	0	0	0	0	0	0.00448775623268698	0.00269185964912281	0	0	0	0	0	0	0	0	0	0	0	0	0	0	0	0	0	0	0	0	0	0	0	0	0.00192236842105263	0	0	0	0	0	0	0	0	0	0	0	0	0	0	0	0	0	0	0	0	0	0	0	0	0	0	0	0	0	0	0	0	0.000203698435277383	0	2.95716034271726e-05	0	0	0	0	0	0	0	0	0	0	0	0	0	0
"26"	0	0	0	0	0	0	0	0	0	0	0	0	0	0	0	0	0	0	0	0	0	0	0	0	0.00244133333333333	0.0136429333333333	0	0	0	0	0	0	0	0	0	0	0	0	0	0	0	0	0	0	0	0	0	0	0	0	0.000350179487179487	0	0	0	0	0	0	0	0	0	0	0	0	0	0	0	0	0	0	0	0	0	0	0	0	0	0	0	0	0	0	0	0	0	0	0.00233612403100775	0	0	0	0	0	0	0	0	0	0	0	0	0	0
"27"	0	0	0	0	0	0	0	0	0	0	0	0	7.56756756756757e-05	0.000127809085681426	0	0	0	0	0.00267059459459459	0	0	0	0	0	0	0	0.00403991234477721	0.000929509509509509	0	0	0	0	0	0	0	0	0	0	0	0	0	0	0	0	0	0	0	0	0	0.000116412776412776	0	0	0.000303758642363294	0	0	0	0	0	0	0	0	0	0	0	0	0	0	0	0	0	0	0	0	0	0	0	0	0	0	0	0	0	0	0	0	0	0	0	0	0	0	0	0	0	0	0	0	0	0	0
"28"	0	0	0	0	0	0	0	0	0	0	0	0	0	1.91899133175729e-05	0	0	0	0	0.000142631111111111	0	0	0	0	0	0	0	0.000943955955955956	0.00308823923182442	0	0	0	0	0	0	0	0	0	0	0	0	0	0	0	0	0	0	0	0	0	0.000184969696969697	0	0	0.000632082687338501	0	0	0	0	0	0	0	0	0	0	0	0	0	0	0	0	0	0	0	0	0	0	0	0	0	0	0	0	0	0	0	0	0	0	0	0	0	0	0	0	0	0	0	0	0	0	0
"29"	0	0	0	0	0	0	2.84688995215311e-05	0	0	0	0	0	0	0	0	0	0	0	0	0	0	0	0	0	0	0	0	0	0.0038397783933518	0	7.52631578947368e-05	0	0	0	0.000383733862959285	0	0.000136322999279019	0	0	0.000426286549707602	0.000304571016582552	5.27017543859649e-05	0	0	0	0	0	0	0	0	0	0	0	1.24156545209177e-05	0	0	0	0	0	0	0	0	0	0	0	0	0	0	0	0	0	0	0	0	0	0	0	0	0	0	0	0	0	0	0	0	0	0	0	0	0	0	0	0	0.000294664246823956	0.00285926315789474	0	0	0	0
"30"	0	0	0	0	0	0	0	0	0.000433730542136339	0	0	0	0	0	0	0	0	0	0	0	0	0	0	0	0	0	0	0	0	0.00534060491493384	0	0	5.83416488477073e-05	0	0	0	0	0.000184989648033126	0	0	0	0	0	0.000931345755693582	0	0	0	0	0	0	0	0	0	0	0	0	0	0	0	0	0	0	0	0	0	0	0	0	0.000990234113712375	0	0	0	0	0	0	0	0	0	0	0	0	0	0	0	0	0	0	0	0	0	0	0	0	0	0	0	0	0	0	0
"31"	0	0	0	0	0	0	0	0	0	0	0	0	0	0	0	0	0	0	0	0	0	0	0	0	0	0	0	0	0	0	0.00456112244897959	0	0	0	2.59433962264151e-05	0.000118087557603687	0.000243033268101761	0	0	0	0	0	0.000706746031746032	0	0	0	0	0	0	0	0	0	0	0	0	0	0	0	0	0	0	0	0	0	0	0	0	0	0	0	0	0	0	0	0	0	0	0	0	0	0	0	0	0	0	0	0	0	0	0	0	0	0	0	8.06896551724138e-05	0.00148285714285714	0	0	0	0
"32"	0	0	0	0	0	0	0	0	0	0	0	0	0	0	0	0	0	0	0	0	0.00237033440219881	0	0	0	0	0	0	0	0	0	0	0.00515196782533755	0	0	0	0	0	0	0	0	0	0	0	0	0	0	0	0	0	0	0	0	0	0	0	0	0	0	0	0	0	0	0	0	0	0	0	0	0	0	0	0	0	0	1.24913754312284e-05	0.00103940063866372	0	0	0	0	0	0	0	0	0	0	0	0	0	0	0	0	0	0	0	0	0	0	0	0
"33"	0	0	0	0	0	0.00110973387268469	0	0	0	0	0	0	0	0	0	0	0	0	0	0	0	0	0	0	0	0	0	0	0	1.00593965312426e-05	0	0	0.00379019618382155	0	0	0	0	0	0	0	0	0	0	2.22435597189696e-05	0	0	0	0	0	0	0	0	0	0	0	0	0	0	0	0	0	0	0	0	0	0	0	0	4.82875157629256e-05	0	0	0	0	0	0	0	0	0	0	0	0	0	0	0	0	0	0	0	0	0	0	0	0	0	0	0	0	0	0	0
"34"	0	0	0	0	0	0	0	0	0.00407111111111111	0	0	0	0	0	0	0	0	0	0	0	0	0	0	0	0	0	0	0	0	0	0	0	5.77496274217586e-05	0.0140593595041322	0	0	0	0.000517459415584416	0.000860617715617716	0	0	0	0	0	0	0	0	0	0	0	0	0	0	0	0	0	0	0	0	0	0	0	0	0	0	0	0	0	8.43216783216783e-05	0	0	0	0	0	0	0	0	0	0	0	0	0	0	0	0	0	0	0	0	0	0	0	0	0	0	0	0	0	0	0
"35"	0	0	0	0	0	0.000331916197010537	3.90909090909091e-05	0.000176757797458606	0	0	0	0	0	0	0	0	0	0	0	0	0	0	0	0	0	0	0	0	0	0	0	0	4.38911227961646e-05	0	0.0021551512993948	0	0.000499767381752391	0.000287375336927224	0	8.16194968553459e-05	0.000570692685448436	0.00091261215932914	0	0	0	0	0	0	0	0	0	0	0	0	0	0	0	0	0	0	0	0	0	0	0	0	0	0	0	0	0	0	0	0	0	0	0	0	0	0	0	0	0	0	0	0	0	0	0	0	0	0	0	0	0	0	0	0	0	0
"36"	0	0	0	0	0	0.000245689149560117	0	0.00333477287689269	0	0	0	0	0	0	0	0	0	0	0	0	0	0	0	0	0	0	0	0	0	0	0	0	0.000151507139079852	0	0.000335249543517955	0.00591277835587929	0.00137595227574017	0.000927718894009217	3.45657568238213e-05	0	0	2.77706093189964e-05	0.000255675029868578	0	0	0	0	0	0	0	0	0	0	0	0	0	0	0	0	0	0	0	0	0	0	0	0	0	0	0	0	0	0	0	0	8.20804114071996e-05	0	0	0	0	0	0	0	0	0	0	0	0	0	0	0	0	0	0	0	0	0	0	0	0
"37"	0	0	0	0	0	0.000369891478384629	0	0.000689376572546827	0	0	0	0	0	0	0	0	0	0	0	0	0	0	0	0	0	0	0	0	0	0	0	0	0.000242259151134067	0	0.00163733005944689	4.69376933274415e-05	0.00163173953837493	0.000457710371819961	1.28626624517035e-05	0	5.56164383561644e-05	0.000206928462709285	0	0	0	0	0	0	0	0	0	0	0	0	0	0	0	0	0	0	0	0	0	0	0	0	0	0	0	0	0	0	0	0	0	0	0	0	0	0	0	0	0	0	0	0	0	0	0	0	0	0	0	0	0	0	0	0	0	0
"38"	0	0	0	0	0	0.000159573283858998	0	0.000133527696793003	0.000356746031746032	0	0	0	0	0	0	0	0	0	0	0	0	0	0	0	0	0	0	0	0	0.000169668737060041	0	0	0.00125140515222482	0.000116525974025974	0	0	0	0.00121353954081633	0.000328141025641026	0	0	0	0	0.000818744897959184	0	0	0	0	0	0	0	0	0	0	0	0	0	0	0	0	0	0	0	0	0	0	0	0	0.00149148901098901	0	0	0	0	0	0	0	0	0	0	0	0	0	0	0	0	0	0	0	0	0	0	0	0	0	0	0	0	0	0	0
"39"	0	0	0	0	0	1.11688311688312e-05	0	0.000138335949764521	5.35707502374169e-05	0	0	0	0	0	0	0	0	0	0	0	0	0	0	0	0	0	0	0	0	0	0	0	0.00072385035729298	2.98368298368298e-05	0	0	0	0.00197051282051282	0.0117726232741617	0	0	0	0	3.02637362637363e-05	0	0	0	0	0	0	0	0	0	0	0	0	0	0	0	0	0	0	0	0	0	0	0	0	0.000234177514792899	0	0	0	0	0	0	0	0	0	0	0	0	0	0	0	0	0	0	0	0	0	0	0	0	0	0	0	0	0	0	0
"40"	0	0	0	0	0	0	0.00250830808080808	0	0	0	0	0	0	0	0	0	0	0	0	0	0	0	0	0	0	0	0	0	0.000214824561403509	0	0	0	0	0	0	0	0	0	0	0.0021862037037037	0.000375662100456621	0	0	0	0	0	0	0	0	0	0	0	0	0.00103633903133903	0	0	0	0	0	0	0	0	0	0	0	0	0	0	0	0	0	0	0	0	0	0	0	0	0	0	0	0	0	0	0	0	0	0	0	0	0	0	0	0	0	5.04814814814815e-05	0	0	0	0
"41"	0	0	0	0	0	0	0.00127002490660025	0	0	0	0	0	0	0	0	0	0	0	0	0	0	0	0	0	0	0	0	0	0	0	0	0	0	0	0.000251731713621091	0	0	0	0	0.000303797564687976	0.00297105648339276	0.000458660578386606	0	0	0	0	0	0	0	0	0	0	0	5.22023182297155e-05	0	0	0	0	0	0	0	0	0	0	0	0	0	0	0	0	0	0	0	0	0	0	0	0	0	0	0	0	0	0	0	0	0	0	0	0	0	0	0	0	0	0	0	0	0	0
"42"	0	0	0	0	0	0.000156242424242424	0	0	0	0	0	0	0	0	0	0	0	0	0	0	0	0	0	0	0	0	0	0	0	0	0	0	1.04954462659381e-05	0	3.49245283018868e-05	0	1.13729071537291e-05	1.00436507936508e-05	0	0	0.000376834094368341	0.00391364938271605	0	0	0	0	0	0	0	0	0	0	0	0	0	0	0	0	0	0	0	0	0	0	0	0	0	0	0	0	0	0	0	0	0	0	0	0	0	0	0	0	0	0	0	0	0	0	0	0	0	0	0	0	0	0	0	0	0	0
"43"	0	0	0	0	0	0	0	0.000175215419501134	0	0	0	0	0	0	0	0	0	0	0	0	0	0	0	0	0	0	0	0	0	0	3.33333333333333e-05	1.0646578782172e-05	0	0	0.000112117400419287	0.00213489247311828	0.000606260781329274	0	0	0	0	0	0.00415890946502058	0	0	0	0	0	0	0	0	0	0	0	0	0	0	0	0	0	0	0	0	0	0	0	0	0	0	0	0	0	0	0	0	0	0	0	0	0	0	0	0	0	0	0	0	0	0	0	0	0	0	0	0	0	0	0	0	0
"44"	0	0	0	0	0	0	0	0	0.000189984126984127	0	0	0	0	0	0	0	0	0	0	0	0	0	0	0	0	0	0	0	0	0.00226142028985507	0	0	0.000102487119437939	0	0	0	0	0.00022359693877551	1.12234432234432e-05	0	0	0	0	0.00269937142857143	0	0	0	0	0	0	0	0	0	0	0	0	0	0	0	0	0	0	0	0	0	0	0	0	0.0014061978021978	0	0	0	0	0	0	0	0	0	0	0	0	0	0	0	0	0	0	0	0	0	0	0	0	0	0	0	0	0	0	0
"45"	0	0	0.000121752457104781	0	1.53938248267171e-05	0	0	0	0	0	0	0	0	0	0	0	0	0	0	0	0	0	0	0	0	0	0	0	0	0	0	0	0	0	0	0	0	0	0	0	0	0	0	0	0.002930581810544	0.0016112697382652	2.73050974512744e-05	0	0	0	0	0	0	0	0	0	0	0	0	0	0	0	0	0	0	0	0	2.41821946169772e-05	0	0	0	0	0	0	0	0	0	0	0	0	0	0	0	0	0	0	0	0	0	0	0	0	0	0	0	0	0	0	0	0
"46"	0	0	0	0	0	0	0	0	0	0	0	0	0	0	0	0	0	0	0	0	0	0	0	0	0	0	0	0	0	0	0	0	0	0	0	0	0	0	0	0	0	0	0	0	4.59852909366212e-05	0.00384631766540432	0.00161119402985075	0.00197348419194351	0.000752948769665188	0	0	0	0	0	0	0	0	0	0	0	0	0	0	0	0	0	0	1.1179815209666e-05	0	0	0	0	0	0	0	0	0	0	0	0	0	0	0	0	0	0	0	0	0	0	0	0	0	0	0	0	0	0	2.05237961137708e-05	0
"47"	0	0	0	0	0	0	0	0	0	0	0	0	0	0	0	0	0	0	0	0	0	0	0	0	0	0	0	0	0	0	0	0	0	0	0	0	0	0	0	0	0	0	0	0	0	1.0609881626351e-05	0.00414703478002378	0.00298159621802002	0.000724161230195713	0	0	0	0	0	0	0	0	0	0	0	0	0	0	0	0	0	0	0	0	0	0	0	0	0	0	0	0	0	0	0	0	0	0	0	0	0	0	0	0	0	0	0	0	0	0	0	0	0	0	0
"48"	0	0	0	0	0	0	0	0	0	0	0	0	0	0	0	0	0	0	4.76043010752688e-05	0	0	0	0	0	0	0	5.6326649229875e-05	0	0	0	0	0	0	0	0	0	0	0	0	0	0	0	0	0	0	0	0.000158552094920282	0.000405348595213319	0.000883853530950305	5.15102639296188e-05	0	0	0	0	0	0	0	0	0	0	0	0	0	0	0	0	0	0	0	0	0	0	0	0	0	0	0	0	0	0	0	0	0	0	0	0	0	0	0	0	0	0	0	0	0	0	0	0	0	0
"49"	0	0	0	0	0	0	0	0	0	0	0	0	0	0	0	0	0	0	0.000428951351351351	0	0	0	0	0	0	0	0.00119221329437546	0.00072824024024024	0	0	0	0	0	0	0	0	0	0	0	0	0	0	0	0	0	0	0	0	0.00384411979547115	0.00444603194103194	0	0	0	0	0	0	0	0	0	0	0	0	0	0	0	0	0	0	0	0	0	0	0	0	0	0	0	0	0	0	0	0	0	0	0	0	0	0	0	0	0	0	0	0	0	0	0	0	0	0
"50"	0	0	0	0	0	0	0	0	0	0	0	0	0	0	0	0	0	0	0.000118981818181818	0	0	0	0	0	0	0	0.000813869778869779	0.00206415824915825	0	0	0	0	0	0	0	0	0	0	0	0	0	0	0	0	0	0	0	0	2.82923832923833e-05	0.00592495867768595	0	0	0	0	0	0	0	0	0	0	0	0	0	0	0	0	0	0	0	0	0	0	0	0	0	0	0	0	0	0	0	0	0	0	0	0	0	0	0	0	0	0	0	0	0	0	0	0	0	0
"51"	0	0	0	0	0	0	0	0	0	0	0	0	0	0	0	0	0	0	0	0	0	0	0	0	9.41295546558704e-05	0	0	0	0	0	0	0	0	0	0	0	0	0	0	0	0	0	0	0	0	0	0	0	0	0	0.00631835798816568	0.00111952036199095	0	0	0	0	0	0	0	0	0	0	0	0	0	0	0	0	0	0	0	0	0	0	0	0	0	0	0	0	0	0	0	0	0	0	0	0	0	0	0	0	0	0	0	0	0	0	0	0
"52"	0	0	0	0	0	0	0	0	0	0	0	0	0	1.58998748435544e-05	0	0	0	0	0	0	0	0	0	0	0	0	0	0	0	0	0	0	0	0	0	0	0	0	0	0	0	0	0	0	0	0	0	0	0	0	5.61990950226244e-05	0.00326893010380623	0.00133912175102599	0	0	0	0	0	0	0	0	0	0	0	0	0	0	0	0	0	0	0	0	0	0	0	0	0	0	0	0	0	0	0	0	0	0	0	0	0	0	0	0	0	0	0	0	0	0	0
"53"	0	0	0	0	0	0	0	0	0	0	0	0	9.96339362618432e-05	0.00022110341415141	0	0	0	0	0	0	0	0	0	0	0	0	0.000155619107479573	0.000313057708871662	0	0	0	0	0	0	0	0	0	0	0	0	0	0	0	0	0	0	0	0	0	0	0	9.99151846785226e-05	0.00313415359653867	0	0	0	0	0	0	0	0	0	0	0	0	0	0	0	0	0	0	0	0	0	0	0	0	0	0	0	0	0	0	0	0	0	0	0	0	0	0	0	0	0	0	0	0	0	0	0
"54"	0	0	0	0	0	0	0.000146666666666667	0	0	1.67521367521368e-05	0	0	0	0	0	0	0	0	0	0	0	0	0	0	0	0	0	0	0	0	0	0	0	0	0	0	0	0	0	0	0	0	0	0	0	0	0	0	0	0	0	0	0	0.00325902695595003	0.00222990990990991	3.44745395449621e-05	0	0	0	0	0	0	0	0	0	0	0	0	0	0	0	0	0	0	0	0	0	0	0	0	0	0	0	0	0	0	0	0	0	0	0	0	2.16799292661362e-05	0	0	0	0	0	0	0
"55"	0	0	0	0	0	0	0	0	0	0.000103265765765766	0	0	0	0	0	0	0	0	0	0	0	0	0	0	0	0	0	0	0	0	0	0	0	0	0	0	0	0	0	0	0	0	0	0	0	0	0	0	0	0	0	0	0	0.000256992376992377	0.00313320672023375	0.00116363151884279	0	0	0	0	0	0	0	0	0	0	0	0	0	0	0	0.000167714987714988	0	0	0	0	0	0	0	0	0	0	0	0	0	0	0	0	0	0	0	0	0	0	0	0	0	0	0	0
"56"	0	0	0	0	0	0	0	0	0	0.000367476525821596	0	0	0	0	0	0	0	0	0	0	0	0	0	0	0	0	0	0	0	0	0	0	0	0	0	0	0	0	0	0	0	0	0	0	0	0	0	0	0	0	0	0	0	0	0	0.00311257290220194	0	0	0	0	0	0	0	0	0	0	0	0	0	0	0	0.00258317861715749	2.1320813771518e-05	0	0	0	0	0	0	0	0	0	0	0	0	0	0	0	0	0	0	0	0	0	0	0	0	0	0	0
"57"	5.97681940700809e-05	0	0	0	0	0	0	0	0	0	0	0	0	0	0	0	0	0	0	0	0	0	0	0	0	0	0	0	0	0	0	0	0	0	0	0	0	0	0	0	0	0	0	0	0	0	0	0	0	0	0	0	0	0	0	0	0.00420035918367347	0	0	0	0	0	0	0	0	0	0	0	0	0.000239578571428571	0.00330163265306122	0	0	0	0	0	0	0	0	0	0	0	0	0	0	0	0	0	0	0	0	0	0	0	0	0	0	0	0	0
"58"	0	0	0	0	0	0	0	0	0	0	0	0	0	0	0	0	0	0	0	0	0	0	0	0	0	0	0	0	0	0	1.55984555984556e-05	0	0	0	0	0	0	0	0	0	0	0	0	0	0	0	0	0	0	0	0	0	0	0	0	0	0	0.00608235208181154	0.000605522522522522	0	0	0	0	0	0	0	0	0	0	0.000873067567567568	0	0	0	0	0	0	0	0	0	0	0	0	0	0	0	0	0	0	0	0	0	0	0	0	0	0	0	0	0	0
"59"	0	0	0	0	0	0	0	0	0	0	0	0	0	0	0	0	0	0	0	0	0	0	0	0	0	0	0	0	0	0	0	0	0	0	0	0	0	0	0	0	0	0	0	0	0	0	0	0	0	0	0	0	0	0	0	0	0	0.000459216216216216	0.00197386666666667	0.000220702898550725	0	0	0	0	0	0	0	0	0	0	0	0	0	0	0	0	0	0	0	0	0	0	0	0	0	0	0	0	0	0	0	0	0	0	0	0	0	0	0	0
"60"	0	0	0	0	0	0	0	0	0	0	0	0	0	0	0	0	0	0	0	0	0	0	0	0	0	0	0	0	0	0	0	0	0	0	0	0	0	0	0	0	0	0	0	0	0	0	0	0	0	0	0	0	0	0	0	0	0	4.36075205640423e-05	0.000709797101449275	0.00364433837429112	0.00157784976323719	0	0	0	0	0	0	0	0	0	0	0	0	0	0	0	0	0	0	0	0	0	0	0	0	0	0	0	0	0	0	0	0	0	0	0	0	0	0	0
"61"	0	0	0	0	0	0	0	0	0	0	0	0	0	0	0	0	0	0	0	0	0	0	0	0	0	0	0	0	0	0	0	0	0	0	0	0	0	0	0	0	0	0	0	0	0	0	0	0	0	0	0	0	0	0	0	0	0	0	0.000619970297029703	0.00197220835126991	0.00466720517596314	0.0011063539211064	0	0	0	0	0	0	0	0	0	0	0	0	0	0	0	0	0	0	0	0	0	0	0	0	0	0	0	0	0	0	0	0	0	0	0	0	0	0
"62"	0	0	0	0	0	0	0	0	0	0	0	0	0	0	0	0	0	0	0	0	0	0	0	0	0	0	0	0	0	0	0	0	0	0	0	0	0	0	0	0	0	0	0	0	0	0	0	0	0	0	0	0	0	0	0	0	0	0	5.97486772486772e-05	5.53071083505866e-05	0.00109537796636807	0.00402702695893172	0.000833689403689404	0	0	0	0	0	0	0	0	0	0	0	0	0	0	0	0	0	0	0	0	0	0	0	0	0	0	0	0	0	0	0	0	0	0	0	0	0
"63"	0	0	0	0	0	0	0	0	0	0	0	0	0	0	0	0	0	0	0	0	0	0	0	0	0	0	0	0	0	0	0	0	0	0	0	0	0	0	0	0	0	0	0	0	0	0	0	0	0	0	0	0	0	0	0	0	0	0	0	0	3.64891624297565e-05	0.000531662376662377	0.00312952520087655	0	0	0	0	0	0	0	0	0	0	0	0	0	0	0	0	0	0	0	0	0	0	0	0	0	0	0	0.000997305587796385	7.00888474681578e-05	0	0	0	0	0	0	0	0
"64"	0	0	0.00014151724137931	0.000330457142857143	0.000471434782608696	0	0	0	0	0	0	0	0	0	0	0	0	0	0	0.000136952380952381	0	0	0	0	0	0	0	0	0	0	0	0	0	0	0	0	0	0	0	0	0	0	0	0	0	0	0	0	0	0	0	0	0	0	0	0	0	0	0	0	0	0	0	0.00145311111111111	0.000387182795698925	0	8.22941176470588e-05	0	0	0	0	0	0	0	0	0	0	0	0	0	0	0	0	0	0	0	0	0	0	0	0	0	0	0	0	0	0.00186452287581699	0.000192413333333333	0	0
"65"	0	0	0.00110501297738228	2.54562211981567e-05	0.000517012622720898	0	0	0	0	0	0	0	0	0	0	0	0	0	0	0	0	0	0	0	0	0	0	0	0	0	0	0	0	0	0	0	0	0	0	0	0	0	0	0	5.17858812529219e-05	0	0	0	0	0	0	0	0	0	0	0	0	0	0	0	0	0	0	0.000942967741935484	0.00251144640998959	0.000160668202764977	0	0.000427803379416283	0	0	0	0	0	0	0	0	0	0	0	0	0	0	0	0	0	0	0	0	0	0	0	0	0	0	0	0	7.54838709677419e-05	0	2.60620815581254e-05	0
"66"	0	0	4.03530377668309e-05	0	3.3695652173913e-05	0	0	0	0	0	0	0	0	0	0	0	0	0	0	0	0	0	0	0	0	0	0	0	0	0	0	0	0	0	0	0	0	0	0	0	0	0	0	0	0	0	0	0	0	0	0	0	0	0	0	0	0	0	0	0	0	0	0	0.000138357142857143	0.000845345622119816	0.00626994897959184	0	0	0	0	0	0	0	0	0	0	0	0	0	0	0	0	0	0	0	0	0	0.000615540069686411	0	0	0	0	0	0	0	0	0	0	0	0
"67"	0	0	0	5.29075630252101e-05	0	0	0	0	0	0	0	0	0	0	0	0	0	0	0	0.00226863445378151	0	0	0	0	0	0	0	0	0	0	0	0	0	0	0	0	0	0	0	0	0	0	0	0	0	0	0	0	0	0	0	0	0	0	0	0	0	0	0	0	0	0	0	0	0	0	0.00700709342560554	0	0	0	0	0	0	0	0	0	0	0	0	0	0	0	0	0	0	0	0	0	0	0	0	0	0	0	0	0	0	0.000599823529411765	0	0
"68"	0	0	0.00103892172961138	2.8530612244898e-05	0.000139513457556936	0	0	0	0	0	0	0	0	0	0	0	0	0	0	0	0	0	0	0	0	0	0	0	0	0	0	0	0	0	0	0	0	0	0	0	0	0	0	0	0.000254009661835749	2.44349680170576e-05	0	0	0	0	0	0	0	0	0	0	0	0	0	0	0	0	0	0.000524142857142857	0.000107926267281106	0	0	0.000976689342403628	0	0	0	0	0	0	0	0	0	0	0	0	0	0	0	0	0	0	0	0	0	0	0	0	0	0	0	0	0.000229084967320261	0	1.04222821203953e-05	0
"69"	0	0	0	0	0	0	0	0	9.78062678062678e-05	0	0	0	0	0	0	0	0	0	0	0	0	0	0	0	0	0	0	0	0	0.001217502787068	0	0	0.000128620428751576	0	0	0	0	0.000242467032967033	0	0	0	0	0	0.00307122637362637	0	0	0	0	0	0	0	0	0	0	0	0	0	0	0	0	0	0	0	0	0	0	0	0	0.00238362603550296	0	0	0	0	0	0	0	0	0	0	0	0	0	0	0	0	0	0	0	0	0	0	0	0	0	0	0	0	0	0	0
"70"	0	0	0	0	0	0	0	0	0	0	0	0	0	0	0	0	0	0	0	0	0	0	0	0	0	0	0	0	0	0	0.000107142857142857	0	0	0	0	0	0	0	0	0	0	0	0	0	0	0	0	0	0	0	0	0	0	0	0	0	0	0.00226022972972973	0	0	0	0	0	0	0	0	0	0	0	0.0043664375	0.000116	0	0	0	0	0	0	0	0	0	0	0	0	0	0	0	0	0	0	0	0	0	0	0	7.56206896551724e-05	0	0	0	0	0
"71"	0	0	0	0	0	0	0	0	0	0	0	0	0	0	0	0	0	0	0	0	0	0	0	0	0	0	0	0	0	0	0	0	0	0	0	0	0	0	0	0	0	0	0	0	0	0	0	0	0	0	0	0	0	0	0	0	5.81734693877551e-05	0.000375965250965251	0	0	0	0	0	0	0	0	0	0	0	0.00507319642857143	0.00700019770408163	0	0	0	0	0	0	0	0	0	0	0	0	0	0	0	0	0	0	0	0	0	0	0	4.87807881773399e-05	0	0	0	0	0
"72"	0	0	0	0	0	0	0	0	0	0.00153739583333333	0	0	0	0	0	0	0	0	0	0	0	0	0	0	0	0	0	0	0	0	0	0	0	0	0	0	0	0	0	0	0	0	0	0	0	0	0	0	0	0	0	0	0	0	0	6.95998719590269e-05	0	0	0	0	0	0	0	0	0	0	0	0	0	0	0	0.00624409607438017	0.000860833333333333	0	0	0	0	0	0	0	0	0	0	0	0	0	0	0	0	0	0	0	0	0.000400733766233766	0	0	0	0	0	0
"73"	0	0.000144236111111111	0	0	0	0	0	0	0	0	0	0	0	0	0	0	0	0	0	0	0	0	0	0	0	0	0	0	0	0	0	0	0	0	0	0	0	0	0	0	0	0	0	0	0	0	0	0	0	0	0	0	0	0	0	0	0	0	0	0	0	0	0	0	0	0	0	0	0	0	0	0.000104570707070707	0.00916243950617284	0.00285355305867665	0	0	0	0	0	0	0	0	0	0	0	0	0	0	0	0	0	0	0	8.58539682539683e-05	0	0	0	0	0	0
"74"	0.000837714649141403	0.00552196980337079	0	0	0	0	0	0	0	0	0	0	0	0	0	0	0	0	0	0	0	0	0	0	0	0	0	0	0	0	0	0	0	0	0	0	0	0	0	0	0	0	0	0	0	0	0	0	0	0	0	0	0	0	0	0	0	0	0	0	0	0	0	0	0	0	0	0	0	0	0	0	0.000167415730337079	0.00556955182426461	0	0	0	0	0	0	0	0	0	0	0	0	0	0	0	0	0	0	0	0	0	0	0	0	0	0
"75"	0	0	0	0	0	0	0	0	0	0	0	0	0	0	0	0	0	0	0	0	0.000156417125089691	0	0.000374264286785661	0	0	0	0	0	0	0	0	0	0	0	0	0	0	0	0	0	0	0	0	0	0	0	0	0	0	0	0	0	0	0	0	0	0	0	0	0	0	0	0	0	0	0	0	0	0	0	0	0	0	0	0.00160267679536377	0	0	0	0	0	3.93159531212629e-05	0.00015743400812792	0.000264403956272775	0	0	0	0	0	0	0	0	0	0	0	0	0	0	0	0	0
"76"	0	0	0	0	0	0	0	1.01626737651582e-05	0	0	0	0	0	0	0	0	0	0	0	0	0.000110834312573443	0	0	0	0	0	0	0	0	0	0	0.000561321542618521	0	0	0	9.76671341748481e-05	0	0	0	0	0	0	0	0	0	0	0	0	0	0	0	0	0	0	0	0	0	0	0	0	0	0	0	0	0	0	0	0	0	0	0	0	0	0	0	0.00630608695652174	0	0	0	0	0	0	0	0	0	0	0	0	0	0	0	0	0	0	0	0	0	0	0	0
"77"	0	0	0	0	0	0	0	0	0	0	0	0	0	0	0	0	0	0	0	0	0	0	0.00126833184656557	0	0	0	0	0	0	0	0	0	0	0	0	0	0	0	0	0	0	0	0	0	0	0	0	0	0	0	0	0	0	0	0	0	0	0	0	0	0	0	0	0	0	0	0	0	0	0	0	0	0	0	0.000310835052232351	0	0.00197590819153146	0	0	0	6.4196978933821e-05	8.21633482848753e-05	0	0	0	0	0	0	0	0	0	0	0	0	0	0	0	0	0	0
"78"	0	0	0	0	0	0	0	0	0	0	0	0	0	0	0	0	0	0	0	0	0	5.52996175095623e-05	0.00121919455309286	0	0	0	0	0	0	0	0	0	0	0	0	0	0	0	0	0	0	0	0	0	0	0	0	0	0	0	0	0	0	0	0	0	0	0	0	0	0	0	0	0	0	0	0	0	0	0	0	0	0	0	8.79494743211557e-05	0	0.00114246642246642	0.000705773979107313	4.41847213940237e-05	0	0.000372566412566413	0.00046750962914053	0	0	0	0	0	0	0	0	0	0	0	0	0	0	0	0	0	0
"79"	0	0	0	0	0	0	0	0	0	0	0	0	0	0	0	0	0	0	0	0	0	0.000718466743757763	5.05557745368546e-05	0	0	0	0	0	0	0	0	0	0	0	0	0	0	0	0	0	0	0	0	0	0	0	0	0	0	0	0	0	0	0	0	0	0	0	0	0	0	0	0	0	0	0	0	0	0	0	0	0	0	0	0	0	0.000716667249519147	0.00145961174054197	0.00273171323838712	0.000169306335204491	7.19603324254487e-05	0.000213278770336361	0	0	0	0	0	0	0	0	0	0	0	0	0	0	0	0	0	0
"80"	0	0	0	0	0	0	0	0	0	0	0	0	0	0	0	0	0	0	0	0	0	0.00103773385406744	0	0	0	0	0	0	0	0	0	0	0	0	0	0	0	0	0	0	0	0	0	0	0	0	0	0	0	0	0	0	0	0	0	0	0	0	0	0	0	0	0	0	0	0	0	0	0	0	0	0	0	0	0	0	6.09229971480425e-05	0.000508228706159741	0.00184692996524993	0.00493603894173603	1.13466915191053e-05	0	0	0	0	0	0	0	0	0	0	0	0	0	0	0	0	0	0	0
"81"	0	0	0	0	0	0	0	0	0	0	0	0	0	0	0	0	0	0	0	0	0	0.00149914688168832	0.000247234692319438	0	0	0	0	0	0	0	0	0	0	0	0	0	0	0	0	0	0	0	0	0	0	0	0	0	0	0	0	0	0	0	0	0	0	0	0	0	0	0	0	0	0	0	0	0	0	0	0	0	0	0	0	0	0.000683014292487977	0.000805203665203665	0.000198878413297018	0.000359434607020814	0.000810129047966886	0.000206067354908557	0	0	0	0	0	0	0	0	0	0	0	0	0	0	0	0	0	0
"82"	0	0	0	0	0	0	0	0	0	0	0	0	0	0	0	0	0	0	0	0	0	0.000488403955137173	0.000918091219902524	0	0	0	0	0	0	0	0	0	0	0	0	0	0	0	0	0	0	0	0	0	0	0	0	0	0	0	0	0	0	0	0	0	0	0	0	0	0	0	0	0	0	0	0	0	0	0	0	0	0	0	0.000166032891488473	0	0.000458906063441866	0.000838563515645061	0.000160216921183085	2.9260766612402e-05	0.0017265939759502	0.00072377571883807	0	0	0	0	0	0	0	0	0	0	0	0	0	0	0	0	0	0
"83"	0	0	0	0	0	0	0	0	0	0	0	0	0	0	0	0	0	0	0	0	0	5.23540244827213e-05	0.000187972748421402	0	0	0	0	0	0	0	0	0	0	0	0	0	0	0	0	0	0	0	0	0	0	0	0	0	0	0	0	0	0	0	0	0	0	0	0	0	0	0	0	0	0	0	0	0	0	0	0	0	0	0	0.000494934929724102	0	7.72549019607843e-05	7.58421317244847e-05	1.35582915336677e-05	0	0.00138014485073309	0.00234598838677102	0.00205858131487889	2.06094329623741e-05	2.09411764705882e-05	0	0	0	0	0	0	0	0	0	0	0	0	0	0	0
"84"	0	0	0	0	0	0	0	0	0	0	0	0	0	0	0	0	0	0	0	0	0	0	0	0	0	0	0	0	0	0	0	0	0	0	0	0	0	0	0	0	0	0	0	0	0	0	0	0	0	0	0	0	0	0	0	0	0	0	0	0	0	0	0	0	0	0	0	0	0	0	0	0	0	0	2.88112891652715e-05	0	0	0	0	0	0	0	0.000296820349761526	0.0051427173119065	0.00294024324324324	0	0	0	0	0	0	0	0	0	0	0	0	0	0	0
"85"	0	0	0	0	0	0	0	0	0	0	0	0	0	0	0	0	0	0	0	0	0	0	0	0	0	0	0	0	0	0	0	0	0	0	0	0	0	0	0	0	0	0	0	0	0	0	0	0	0	0	0	0	0	0	0	0	0	0	0	0	0	0	0	0	0	0	0	0	0	0	0	0	0	0	0.000190749262536873	0	0	0	0	0	0	0.000253414878397711	0.00264934640522876	2.64954954954955e-05	0.00525287222222222	0	0	0	0	0	0	0	0	0	0	0	0	0	0	0
"86"	0	0	0	0	0	0	0	0	0	0	4.06605432870823e-05	0	0	0	0	0	9.35299003322259e-05	0.000100994386527666	0	0	0	0	0	0	0.00039108935128519	0.00336933333333333	0	0	0	0	0	0	0	0	0	0	0	0	0	0	0	0	0	0	0	0	0	0	0	0	3.32826475849732e-05	0	0	0	0	0	0	0	0	0	0	0	0	0	0	0	0	0	0	0	0	0	0	0	0	0	0	0	0	0	0	0	0	0	0	0.00297172525689562	0	2.12592172433352e-05	0.000339973572938689	8.31829385917908e-05	0	0	0	0	0	0	0	0	0	0
"87"	0	0	0	0	0	0	0	0	0	0	0.00096619102542978	0.00103439651416122	0	0	0	0	0	0	0	0	0	0	0	0	0.000810890952872377	1.90762527233115e-05	0	0	0	0	0	0	0	0	0	0	0	0	0	0	0	0	0	0	0	0	0	0	0	0	3.92760180995475e-05	0	0	0	0	0	0	0	0	0	0	0	0	0	0	0	0	0	0	0	0	0	0	0	0	0	0	0	0	0	0	0	0	0.000240208443737855	0	0.000486265389876881	0.000654203938656072	0	2.58303624480095e-05	4.62925815487485e-05	0	0	0	0	0	0	0	0	0	0
"88"	0	0	2.13568825343426e-05	0	1.01802757158006e-05	0	0	0	0	0	0	0	0	0	0.000194321951219512	0	0.000278283972125436	2.38015138772077e-05	0	0	0	0	0	0	0	0	0	0	0	0	0	0	0	0	0	0	0	0	0	0	0	0	0	0	0	0	0	0	0	0	0	0	0	0	0	0	0	0	0	0	0	0	0	8.74634146341463e-05	0.000270039339103068	0.00208601045296167	0	1.12891986062718e-05	0	0	0	0	0	0	0	0	0	0	0	0	0	0	0	0	0	0	0	0.00503903628792386	0.000296191796008869	0	0	0	0	0	0	0	0	0	2.49056603773585e-05	0
"89"	0	0	0	0	0	0	0	0	0	0	0	0	1.05345117845118e-05	1.42698259187621e-05	0.000494090909090909	0.000132018181818182	0.00141775162337662	0.00073032131661442	0	0	0	0	0	0	0	0	0	0	0	0	0	0	0	0	0	0	0	0	0	0	0	0	0	0	0	0	0	0	0	0	0	0	0	0	0	0	0	0	0	0	0	0	0	0	3.95087976539589e-05	0.000209391233766234	0	0	0	0	0	0	0	0	0	0	0	0	0	0	0	0	0	0	0	0	0	0.00155034368070953	0.000969857954545455	0	0	0	0	0	0	0	0	0	0	0
"90"	0	0	0	0	0	0	0	0	0	0	0.000415893583239748	0	0	0	1.49345622119816e-05	6.40479262672811e-05	0.000341010533245556	0.000298696964881614	0	0	0	0	0	0	0	1.34254992319508e-05	0	0	0	0	0	0	0	0	0	0	0	0	0	0	0	0	0	0	0	0	0	0	0	0	0	0	0	0	0	0	0	0	0	0	0	0	0	0	0	2.02995391705069e-05	0	0	0	0	0	0	0	0	0	0	0	0	0	0	0	0	0	0	0	0.000224441110277569	1.00521068642511e-05	0.000289034506013263	0.00168619501466276	0.00181231200492684	0	8.9649663647439e-05	0	0	0	0	0	0	0	0
"91"	0	0	0	0	0	0	0	0	0	0	0	0	0	0	0	0	0	0	0	0	0	0	0	0	0	0	0	0	0	0	0	0	0	0	0	0	0	0	0	0	0	0	0	0	0	0	0	0	0	0	0	0	0	0	0	0	0	0	0	0	0	2.89638718473074e-05	0.000828144586304096	0	0	0	0	0	0	0	0	0	0	0	0	0	0	0	0	0	0	0	0	0	0	0	0	0	0	0	0.00236682901125372	0.000697433749382977	0	0	0	0	0	0	0	0
"92"	0	0	0	0	0	0	0	0	0	0	0.000314843620206703	0	0	0	0	0	0	0	0	0	0	0	0	0	0	0	0	0	0	0	0	0	0	0	0	0	0	0	0	0	0	0	0	0	0	0	0	0	0	0	0	0	0	0	0	0	0	0	0	0	0	1.34336799854041e-05	0.000189424666045356	0	0	0	0	0	0	0	0	0	0	0	0	0	0	0	0	0	0	0	0	0	0	0.000160893878642074	4.82524228082037e-05	0	1.46358411703239e-05	0.000477279940674824	0.00078048684860024	0.00155658385519884	0	0	0	0	0	0	0	0
"93"	0	0	0	0	0	0	0	0	0	0.000554770114942529	0	0	0	0	0	0	0	0	0	0	0	0	0	0	0	0	0	0	0	0	0	0	0	0	0	0	0	0	0	0	0	0	0	0	0	0	0	0	0	0	0	0	0	0	0.000211780055917987	0.0010495386109762	0	0	0	0	0	0	0	0	0	0	0	0	0	0	0	1.27037617554859e-05	0	0	0	0	0	0	0	0	0	0	0	0	0	0	0	0	0	0	0	0	0.00667676575505351	0	0	0	0	0	0	0
"94"	0	0	0	0	0	0	0	0	0	0.000772428571428571	0	0	0	0	0	0	0	0	0	0	0	0	0	0	0	0	0	0	0	0	0	0	0	0	0	0	0	0	0	0	0	0	0	0	0	0	0	0	0	0	0	0	0	0	0	0	0	0	0	0	0	0	0	0	0	0	0	0	0	0	0	0	0	0	0	0	0	0	0	0	0	0	0	0	0	0	0	0	0	0	0	0	0.000118285714285714	0.00132181224489796	0	0	0	0	0	0
"95"	0	0	0	0	0	0	0	0	0	0	0	0	0	0	0	0	0	0	0	0	0	0	0	0	0	0	0	0	0.00328820326678766	0	1.5615763546798e-05	0	0	0	0	0	0	0	0	0.000362854406130268	0	0	0	0	0	0	0	0	0	0	0	0	0	0	0	0	0	0	0	0	0	0	0	0	0	0	0	0	0	0	0	0	0	0	0	0	0	0	0	0	0	0	0	0	0	0	0	0	0	0	0	0	0	0	0.00102480380499405	0.000344965517241379	0	0	0	0
"96"	0	0	0	0	0	0	0	0	0	0	0	0	0	0	0	0	0	0	0	0	0	0	0	0	0	0	0	0	0.00111442105263158	0	0.00360071428571429	0	0	0	0.000458981132075472	0	0.000556374429223744	0	0	1.85740740740741e-05	5.19908675799087e-05	0	9.15679012345679e-05	0	0	0	0	0	0	0	0	0	0	0	0	0	0	0	0	0	0	0	0	0	0	0	0	0	0	0	0	0	0	0	0	0	0	0	0	0	0	0	0	0	0	0	0	0	0	0	0	0	0	0	0	0.0126641777777778	0	0	0	0
"97"	0	0	0	0.00214712605042017	0.000308653026427963	0	0	0	0	0	0	0	0	0	0	0	0	0	0	0.00117960784313725	0	0	0	0	0	0	0	0	0	0	0	0	0	0	0	0	0	0	0	0	0	0	0	0	0	0	0	0	0	0	0	0	0	0	0	0	0	0	0	0	0	0	0	0.00011916339869281	0	0	0.000241937716262976	0	0	0	0	0	0	0	0	0	0	0	0	0	0	0	0	0	0	0	0	0	0	0	0	0	0	0	0	0	0.00246527489427143	0.00296466666666667	0	0
"98"	0	0	0	0.000554011428571429	2.2304347826087e-05	0	0	0	0	0	0	0	0	0	0	0	0	0	0	0.00114714285714286	0	0	0	0	0	0	0	0	0	0	0	0	0	0	0	0	0	0	0	0	0	0	0	0	0	0	0	0	0	0	0	0	0	0	0	0	0	0	0	0	0	0	0	0	0	0	0.00130856470588235	0	0	0	0	0	0	0	0	0	0	0	0	0	0	0	0	0	0	0	0	0	0	0	0	0	0	0	0	0	0.000687898039215686	0.00238972	0	0
"99"	0	0	0.000809572760789417	0	1.80229696472518e-05	0	0	0	0	0	0	0	0	0	0	0	0	0	0	0	0	0	0	0.000105160377358491	0	0	0	0	0	0	0	0	0	0	0	0	0	0	0	0	0	0	0	0	0.000349838665572874	6.86285553365249e-05	0	0	0	0	0	0	0	0	0	0	0	0	0	0	0	0	0	9.22641509433962e-05	0.000260681679853926	0	0	0.00184563342318059	0	0	0	0	0	0	0	0	0	0	0	0	0	0	0	0	0	0	0	0	0	0	0	0	0	0	0	0	5.80540140584536e-05	0	0.00259750800996796	1.30862533692722e-05
"100"	0	0	0.000125837438423645	0	0	0	0	0	0	0	0	0	0	0	0	0	0	0	0	0	0	0	0	0.00171901785714286	0	0	0	0	0	0	0	0	0	0	0	0	0	0	0	0	0	0	0	0	2.34782608695652e-05	0	2.44827586206897e-05	1.34715821812596e-05	1.17374517374517e-05	0	0	0	0	0	0	0	0	0	0	0	0	0	0	0	0	0	0	0.00044062925170068	0	0	0	0	0	0	0	0	0	0	0	0	0	0	0	0	0	0	0	0	0	0	0	0	0	0	0	0	0	0	0.000596455525606469	0.00490227040816327
